253 240 240 240 240 240 240 240 240 240 240 240 248 245 240 253
240  36  36  36  36  36  36  36  36  36  36  36 159 104  36 240
240  36  57 104 104 104 104 104 104 104 104 104 188 151 104 245
240  36 104 254 254 254 254 254 254 254 254 254 254 188 159 248
240  36 104 254 185 131 231 139 131 131 170 254 254 104  36 240
240  36 104 254 131  36  91  40  36  36  57 170 254 104  36 240
240  36 104 254 131  36 179 213 213 181  36 131 254 104  36 240
240  36 104 254 131  36 213 254 254 212  36 131 254 104  36 240
240  36 104 254 131  36 213 254 254 212  36 131 254 104  36 240
240  36 104 254 131  36 213 254 254 212  36 131 254 104  36 240
240  36 104 254 131  36 213 254 254 212  36 131 254 104  36 240
240  36 104 254 185 131 231 254 254 230 131 185 254 104  36 240
240  36 103 252 252 252 252 252 252 252 252 252 252 103  36 240
240  36  57 103 103 103 103 103 103 103 103 103 103  57  36 240
240  36  36  36  36  36  36  36  36  36  36  36  36  36  36 240
253 240 240 240 240 240 240 240 240 240 240 240 240 240 240 253
254 248 248 248 248 248 248 248 248 248 248 248 251 250 248 254
248 157 157 157 157 157 157 157 157 157 157 157 212 187 157 248
248 157 166 187 187 187 187 187 187 187 187 187 225 208 187 250
248 157 187 254 254 254 254 254 254 254 254 254 254 225 212 251
248 157 187 254 223 199 244 203 199 199 217 254 254 187 157 248
248 157 187 254 199 157 182 159 157 157 166 217 254 187 157 248
248 157 187 254 199 157 218 236 236 219 157 199 254 187 157 248
248 157 187 254 199 157 236 254 254 236 157 199 254 187 157 248
248 157 187 254 199 157 236 254 254 237 157 199 254 187 157 248
248 157 187 254 199 157 236 254 254 237 157 199 254 187 157 248
248 157 187 254 199 157 236 254 254 237 157 199 254 187 157 248
248 157 187 254 223 199 244 254 254 244 199 223 254 187 157 248
248 157 187 253 253 253 253 253 253 253 253 253 253 187 157 248
248 157 166 187 187 187 187 187 187 187 187 187 187 166 157 248
248 157 157 157 157 157 157 157 157 157 157 157 157 157 157 248
254 248 248 248 248 248 248 248 248 248 248 248 248 248 248 254
254 254 254 254 254 254 254 254 254 254 254 254 254 254 254 254
254 248 248 248 248 248 248 248 248 248 248 248 251 250 248 254
254 248 249 250 250 250 250 250 250 250 250 250 252 251 250 254
254 248 250 254 254 254 254 254 254 254 254 254 254 252 251 254
254 248 250 254 252 251 253 251 251 251 252 254 254 250 248 254
254 248 250 254 251 248 250 248 248 248 249 252 254 250 248 254
254 248 250 254 251 248 252 253 253 252 248 251 254 250 248 254
254 248 250 254 251 248 253 254 254 250 248 251 254 250 248 254
254 248 250 254 251 248 253 254 254 250 248 251 254 250 248 254
254 248 250 254 251 248 253 254 254 250 248 251 254 250 248 254
254 248 250 254 251 248 253 254 254 250 248 251 254 250 248 254
254 248 250 254 252 251 253 254 254 252 251 252 254 250 248 254
254 248 250 255 255 255 255 255 255 255 255 255 255 250 248 254
254 248 249 250 250 250 250 250 250 250 250 250 250 249 248 254
254 248 248 248 248 248 248 248 248 248 248 248 248 248 248 254
254 254 254 254 254 254 254 254 254 254 254 254 254 254 254 254

253 240 245 248 240 240 240 240 240 240 240 240 240 240 240 253
240  36 104 159  36  36  36  36  36  36  36  36  36  36  36 240
245 104 151 188 104 104 104 104 104 104 104 104 103  57  36 240
248 159 188 254 254 254 254 254 254 254 254 254 252 103  36 240
240  36 104 254 254 170 131 131 131 131 131 185 252 103  36 240
240  36 104 254 170  57  36  36  36  36  36 131 252 103  36 240
240  36 104 254 131  36 181 212 212 212 212 230 252 103  36 240
240  36 104 254 131  36 213 254 254 254 254 254 252 103  36 240
240  36 104 254 139  40 213 254 254 254 254 254 252 103  36 240
240  36 104 254 231  91 179 213 213 213 213 231 252 103  36 240
240  36 104 254 131  36  36  36  36  36  36 131 252 103  36 240
240  36 104 254 185 131 131 131 131 131 131 185 252 103  36 240
240  36 104 254 254 254 254 254 254 254 254 254 252 103  36 240
240  36  57 104 104 104 104 104 104 104 104 104 103  57  36 240
240  36  36  36  36  36  36  36  36  36  36  36  36  36  36 240
253 240 240 240 240 240 240 240 240 240 240 240 240 240 240 253
254 248 250 251 248 248 248 248 248 248 248 248 248 248 248 254
248 157 187 212 157 157 157 157 157 157 157 157 157 157 157 248
250 187 208 225 187 187 187 187 187 187 187 187 187 166 157 248
251 212 225 254 254 254 254 254 254 254 254 254 253 187 157 248
248 157 187 254 254 217 199 199 199 199 199 223 253 187 157 248
248 157 187 254 217 166 157 157 157 157 157 199 253 187 157 248
248 157 187 254 199 157 219 236 237 237 237 244 253 187 157 248
248 157 187 254 199 157 236 254 254 254 254 254 253 187 157 248
248 157 187 254 203 159 236 254 254 254 254 254 253 187 157 248
248 157 187 254 244 182 218 236 236 236 236 244 253 187 157 248
248 157 187 254 199 157 157 157 157 157 157 199 253 187 157 248
248 157 187 254 223 199 199 199 199 199 199 223 253 187 157 248
248 157 187 254 254 254 254 254 254 254 254 254 253 187 157 248
248 157 166 187 187 187 187 187 187 187 187 187 187 166 157 248
248 157 157 157 157 157 157 157 157 157 157 157 157 157 157 248
254 248 248 248 248 248 248 248 248 248 248 248 248 248 248 254
254 254 254 254 254 254 254 254 254 254 254 254 254 254 254 254
254 248 250 251 248 248 248 248 248 248 248 248 248 248 248 254
254 250 251 252 250 250 250 250 250 250 250 250 250 249 248 254
254 251 252 254 254 254 254 254 254 254 254 254 255 250 248 254
254 248 250 254 254 252 251 251 251 251 251 252 255 250 248 254
254 248 250 254 252 249 248 248 248 248 248 251 255 250 248 254
254 248 250 254 251 248 252 250 250 250 250 252 255 250 248 254
254 248 250 254 251 248 253 254 254 254 254 254 255 250 248 254
254 248 250 254 251 248 253 254 254 254 254 254 255 250 248 254
254 248 250 254 253 250 252 253 253 253 253 253 255 250 248 254
254 248 250 254 251 248 248 248 248 248 248 251 255 250 248 254
254 248 250 254 252 251 251 251 251 251 251 252 255 250 248 254
254 248 250 254 254 254 254 254 254 254 254 254 255 250 248 254
254 248 249 250 250 250 250 250 250 250 250 250 250 249 248 254
254 248 248 248 248 248 248 248 248 248 248 248 248 248 248 254
254 254 254 254 254 254 254 254 254 254 254 254 254 254 254 254

248 235 235 235 235 235 235 235 235 235 235 235 235 235 235 250
197  56  56  56  56  56  56  56  56  56  56  56  56  56  56 210
192  36  54  88  88  88  88  88  88  88  88  88  88  53  36 205
192  38 103 224 216 209 218 224 224 218 209 216 223  99  37 205
192  38 113 253 179 117 199 251 251 200 118 180 252 109  37 205
192  38 113 253 136  38 168 250 250 170  39 138 252 109  37 205
192  38 113 253 136  38 168 250 250 170  39 138 252 109  37 205
192  38 113 253 136  38 168 250 250 170  39 138 252 109  37 205
192  38 113 253 136  38 167 250 250 168  39 138 252 109  37 205
192  38 113 253 136  39 130 218 215 122  39 138 252 109  37 205
192  38 113 253 158  51  40  70  66  61  39 137 252 109  37 205
196  54 123 253 223 144 110 111 136 170 120 181 252 109  37 205
225 155 190 245 236 227 215 217 230 231 224 229 235 103  37 205
209  98 151 183  97  97  97  97  97  97  97  97  97  56  36 205
195  49 119 159  46  45  45  45  45  45  45  45  45  45  44 207
245 227 236 241 226 225 225 225 225 225 225 225 225 225 225 247
251 245 245 245 245 245 245 245 245 245 245 245 245 245 245 251
229 165 165 165 165 165 165 165 165 165 165 165 165 165 165 234
227 157 165 179 179 179 179 179 179 179 179 179 179 164 157 232
227 158 186 240 236 233 237 240 240 237 233 236 240 185 157 232
227 158 191 254 220 193 229 253 253 229 193 220 253 189 157 232
227 158 191 254 201 158 215 252 252 216 158 202 253 189 157 232
227 158 191 254 201 158 215 252 252 216 158 202 253 189 157 232
227 158 191 254 201 158 215 252 252 216 158 202 253 189 157 232
227 158 191 254 201 158 214 252 252 215 158 202 253 189 157 232
227 158 191 254 201 158 198 238 236 195 158 202 253 189 157 232
227 158 191 254 210 163 158 171 169 167 158 201 253 189 157 232
228 165 195 253 240 205 189 190 201 216 194 221 253 189 157 232
241 210 225 249 246 242 236 237 243 243 240 242 245 186 157 232
234 184 207 222 184 184 184 184 184 184 184 184 184 166 157 232
228 162 193 211 161 161 161 161 161 161 161 161 161 161 161 233
250 241 245 247 241 241 241 241 241 241 241 241 241 241 241 251
253 253 253 253 253 253 253 253 253 253 253 253 253 253 253 253
250 247 247 247 247 247 247 247 247 247 247 247 247 247 247 251
250 248 248 248 248 248 248 248 248 248 248 248 248 248 248 251
250 248 249 251 251 250 251 251 251 251 250 250 251 249 248 251
250 248 249 253 251 248 251 253 253 251 248 250 253 249 248 251
250 248 249 253 250 247 250 253 253 250 247 250 253 249 248 251
250 248 249 253 250 248 250 253 253 250 248 250 253 249 248 251
250 248 249 253 250 248 250 253 253 250 248 250 253 249 248 251
250 248 249 253 250 248 250 253 253 250 248 250 253 249 248 251
250 248 249 253 250 247 248 252 251 248 248 250 253 249 248 251
250 248 249 253 250 247 247 247 247 247 248 250 253 249 248 251
250 247 249 253 251 249 249 248 249 249 249 251 253 249 248 251
251 249 250 252 252 252 251 251 252 252 252 252 252 248 247 251
251 248 249 251 248 248 248 248 248 248 248 248 248 247 247 251
250 247 248 250 246 247 247 247 247 247 247 247 247 247 247 251
252 252 253 253 252 252 252 252 252 252 252 252 252 252 252 253

250 210 205 205 205 205 205 205 205 205 205 205 205 205 207 247
235  56  36  37  37  37  37  37  37  37  37  37  37  36  44 225
235  56  53  99 109 109 109 109 109 109 109 109 103  56  45 225
235  56  88 223 252 252 252 252 252 252 252 252 235  97  45 225
235  56  88 216 180 138 138 138 138 138 137 181 229  97  45 225
235  56  88 209 118  39  39  39  39  39  39 120 224  97  45 225
235  56  88 218 200 170 170 170 168 122  61 170 231  97  45 225
235  56  88 224 251 250 250 250 250 215  66 136 230  97  45 225
235  56  88 224 251 250 250 250 250 218  70 111 217  97  45 225
235  56  88 218 199 168 168 168 167 130  40 110 215  97  45 225
235  56  88 209 117  38  38  38  38  39  51 144 227  97  45 225
235  56  88 216 179 136 136 136 136 136 158 223 236  97  46 226
235  56  88 224 253 253 253 253 253 253 253 253 245 183 159 241
235  56  54 103 113 113 113 113 113 113 113 123 190 151 119 236
235  56  36  38  38  38  38  38  38  38  38  54 155  98  49 227
248 197 192 192 192 192 192 192 192 192 192 196 225 209 195 245
251 234 232 232 232 232 232 232 232 232 232 232 232 232 233 251
245 165 157 157 157 157 157 157 157 157 157 157 157 157 161 241
245 165 164 185 189 189 189 189 189 189 189 189 186 166 161 241
245 165 179 240 253 253 253 253 253 253 253 253 245 184 161 241
245 165 179 236 220 202 202 202 202 202 201 221 242 184 161 241
245 165 179 233 193 158 158 158 158 158 158 194 240 184 161 241
245 165 179 237 229 216 216 216 215 195 167 216 243 184 161 241
245 165 179 240 253 252 252 252 252 236 169 201 243 184 161 241
245 165 179 240 253 252 252 252 252 238 171 190 237 184 161 241
245 165 179 237 229 215 215 215 214 198 158 189 236 184 161 241
245 165 179 233 193 158 158 158 158 158 163 205 242 184 161 241
245 165 179 236 220 201 201 201 201 201 210 240 246 184 161 241
245 165 179 240 254 254 254 254 254 254 254 253 249 222 211 247
245 165 165 186 191 191 191 191 191 191 191 195 225 207 193 245
245 165 157 158 158 158 158 158 158 158 158 165 210 184 162 241
251 229 227 227 227 227 227 227 227 227 227 228 241 234 228 250
253 251 251 251 251 251 251 251 251 251 251 251 251 251 251 253
253 247 248 248 248 248 248 248 248 248 248 248 247 247 247 252
253 247 248 249 249 249 249 249 249 249 249 249 248 247 247 252
253 247 248 251 253 253 253 253 253 253 253 253 252 248 247 252
253 247 248 250 250 250 250 250 250 250 250 251 252 248 247 252
253 247 248 250 248 247 248 248 248 248 248 249 252 248 247 252
253 247 248 251 251 250 250 250 250 248 247 249 252 248 247 252
253 247 248 251 253 253 253 253 253 251 247 249 252 248 247 252
253 247 248 251 253 253 253 253 253 252 247 248 251 248 247 252
253 247 248 251 251 250 250 250 250 248 247 249 251 248 247 252
253 247 248 250 248 247 248 248 248 247 247 249 252 248 247 252
253 247 248 251 251 250 250 250 250 250 250 251 252 248 246 252
253 247 248 251 253 253 253 253 253 253 253 253 252 251 250 253
253 247 248 249 249 249 249 249 249 249 249 249 250 249 248 253
253 247 248 248 248 248 248 248 248 248 248 247 249 248 247 252
253 250 250 250 250 250 250 250 250 250 250 250 251 251 250 252
